"","Annee","Mois","Jour","TMoyenne","DOY"
"1",2001,1,1,-2,1
"2",2001,1,2,0.9,2
"3",2001,1,3,2.8,3
"4",2001,1,4,2.3,4
"5",2001,1,5,2.5,5
"6",2001,1,6,2.8,6
"7",2001,1,7,2.7,7
"8",2001,1,8,3.6,8
"9",2001,1,9,1.5,9
"10",2001,1,10,-3.9,10
"11",2001,1,11,-2.3,11
"12",2001,1,12,-3.8,12
"13",2001,1,13,-0.5,13
"14",2001,1,14,-1.3,14
"15",2001,1,15,-4.6,15
"16",2001,1,16,-5.8,16
"17",2001,1,17,-5.2,17
"18",2001,1,18,-2.4,18
"19",2001,1,19,-0.4,19
"20",2001,1,20,-2.5,20
"21",2001,1,21,-1.9,21
"22",2001,1,22,-1.9,22
"23",2001,1,23,-1.5,23
"24",2001,1,24,0.8,24
"25",2001,1,25,2.4,25
"26",2001,1,26,2,26
"27",2001,1,27,1,27
"28",2001,1,28,-0.3,28
"29",2001,1,29,-0.8,29
"30",2001,1,30,-3.8,30
"31",2001,1,31,-2.3,31
"32",2001,2,1,-7,32
"33",2001,2,2,-10.2,33
"34",2001,2,3,-15,34
"35",2001,2,4,-15.6,35
"36",2001,2,5,-15.2,36
"37",2001,2,6,-4.7,37
"38",2001,2,7,2.5,38
"39",2001,2,8,3.4,39
"40",2001,2,9,-1.3,40
"41",2001,2,10,-4,41
"42",2001,2,11,-0.7,42
"43",2001,2,12,3.9,43
"44",2001,2,13,2.5,44
"45",2001,2,14,2.7,45
"46",2001,2,15,3.2,46
"47",2001,2,16,0.8,47
"48",2001,2,17,0.2,48
"49",2001,2,18,0.9,49
"50",2001,2,19,2.2,50
"51",2001,2,20,1,51
"52",2001,2,21,1.2,52
"53",2001,2,22,-5.9,53
"54",2001,2,23,-11.5,54
"55",2001,2,24,-10.2,55
"56",2001,2,25,-9.4,56
"57",2001,2,26,-11.4,57
"58",2001,2,27,-11.3,58
"59",2001,2,28,-8.9,59
"60",2001,3,1,-7.3,60
"61",2001,3,2,-6,61
"62",2001,3,3,-10.1,62
"63",2001,3,4,-3.1,63
"64",2001,3,5,-3.7,64
"65",2001,3,6,1.7,65
"66",2001,3,7,-0.4,66
"67",2001,3,8,0.1,67
"68",2001,3,9,1,68
"69",2001,3,10,2.2,69
"70",2001,3,11,4.1,70
"71",2001,3,12,4.9,71
"72",2001,3,13,3.5,72
"73",2001,3,14,2,73
"74",2001,3,15,0.9,74
"75",2001,3,16,-0.1,75
"76",2001,3,17,-3.1,76
"77",2001,3,18,-5.8,77
"78",2001,3,19,-6,78
"79",2001,3,20,-4.5,79
"80",2001,3,21,-2.7,80
"81",2001,3,22,-3.4,81
"82",2001,3,23,-3.4,82
"83",2001,3,24,-2.1,83
"84",2001,3,25,-2.5,84
"85",2001,3,26,-2.5,85
"86",2001,3,27,-0.5,86
"87",2001,3,28,0.1,87
"88",2001,3,29,1.8,88
"89",2001,3,30,1.1,89
"90",2001,3,31,2.6,90
"91",2001,4,1,6.8,91
"92",2001,4,2,6.2,92
"93",2001,4,3,6.5,93
"94",2001,4,4,5,94
"95",2001,4,5,5.7,95
"96",2001,4,6,5.4,96
"97",2001,4,7,4.7,97
"98",2001,4,8,5.1,98
"99",2001,4,9,7.2,99
"100",2001,4,10,5.4,100
"101",2001,4,11,3,101
"102",2001,4,12,1.4,102
"103",2001,4,13,0.2,103
"104",2001,4,14,0.1,104
"105",2001,4,15,1.4,105
"106",2001,4,16,3.7,106
"107",2001,4,17,4.6,107
"108",2001,4,18,2.7,108
"109",2001,4,19,2.5,109
"110",2001,4,20,1.3,110
"111",2001,4,21,3.5,111
"112",2001,4,22,3.9,112
"113",2001,4,23,4.8,113
"114",2001,4,24,6,114
"115",2001,4,25,8.5,115
"116",2001,4,26,7.6,116
"117",2001,4,27,8.9,117
"118",2001,4,28,9.6,118
"119",2001,4,29,8.1,119
"120",2001,4,30,9.9,120
"121",2001,5,1,9.5,121
"122",2001,5,2,10.2,122
"123",2001,5,3,12.6,123
"124",2001,5,4,6.7,124
"125",2001,5,5,7.8,125
"126",2001,5,6,6.7,126
"127",2001,5,7,9.6,127
"128",2001,5,8,14,128
"129",2001,5,9,14.9,129
"130",2001,5,10,11.9,130
"131",2001,5,11,10.4,131
"132",2001,5,12,12.3,132
"133",2001,5,13,12.2,133
"134",2001,5,14,9.7,134
"135",2001,5,15,8.3,135
"136",2001,5,16,8.4,136
"137",2001,5,17,8.4,137
"138",2001,5,18,10.7,138
"139",2001,5,19,9.4,139
"140",2001,5,20,9.7,140
"141",2001,5,21,7.3,141
"142",2001,5,22,10.3,142
"143",2001,5,23,13.6,143
"144",2001,5,24,9.7,144
"145",2001,5,25,8,145
"146",2001,5,26,11.8,146
"147",2001,5,27,13.8,147
"148",2001,5,28,7.9,148
"149",2001,5,29,5.8,149
"150",2001,5,30,6.3,150
"151",2001,5,31,10,151
"152",2001,6,1,11.5,152
"153",2001,6,2,11.3,153
"154",2001,6,3,10.4,154
"155",2001,6,4,10.4,155
"156",2001,6,5,13.5,156
"157",2001,6,6,13.5,157
"158",2001,6,7,13.5,158
"159",2001,6,8,11.7,159
"160",2001,6,9,11.4,160
"161",2001,6,10,11.7,161
"162",2001,6,11,12.2,162
"163",2001,6,12,11.5,163
"164",2001,6,13,12.8,164
"165",2001,6,14,14.8,165
"166",2001,6,15,15.7,166
"167",2001,6,16,15.6,167
"168",2001,6,17,11.9,168
"169",2001,6,18,13.9,169
"170",2001,6,19,12.6,170
"171",2001,6,20,15.8,171
"172",2001,6,21,13.8,172
"173",2001,6,22,13.4,173
"174",2001,6,23,16.6,174
"175",2001,6,24,17.5,175
"176",2001,6,25,18.2,176
"177",2001,6,26,18.3,177
"178",2001,6,27,19.4,178
"179",2001,6,28,18.7,179
"180",2001,6,29,18.3,180
"181",2001,6,30,19.3,181
"182",2001,7,1,17.3,182
"183",2001,7,2,18.3,183
"184",2001,7,3,21.2,184
"185",2001,7,4,23.3,185
"186",2001,7,5,22.2,186
"187",2001,7,6,23.8,187
"188",2001,7,7,23.1,188
"189",2001,7,8,22.3,189
"190",2001,7,9,22.6,190
"191",2001,7,10,19.8,191
"192",2001,7,11,18.1,192
"193",2001,7,12,17.2,193
"194",2001,7,13,14,194
"195",2001,7,14,15.3,195
"196",2001,7,15,17,196
"197",2001,7,16,16.8,197
"198",2001,7,17,13.1,198
"199",2001,7,18,13.8,199
"200",2001,7,19,15.8,200
"201",2001,7,20,17.6,201
"202",2001,7,21,17.1,202
"203",2001,7,22,17.8,203
"204",2001,7,23,19.6,204
"205",2001,7,24,20.6,205
"206",2001,7,25,21.8,206
"207",2001,7,26,22,207
"208",2001,7,27,19.5,208
"209",2001,7,28,19.2,209
"210",2001,7,29,22,210
"211",2001,7,30,19.9,211
"212",2001,7,31,17.3,212
"213",2001,8,1,17.9,213
"214",2001,8,2,15.4,214
"215",2001,8,3,17,215
"216",2001,8,4,16.7,216
"217",2001,8,5,17.3,217
"218",2001,8,6,14.3,218
"219",2001,8,7,13.6,219
"220",2001,8,8,16.1,220
"221",2001,8,9,17,221
"222",2001,8,10,16.2,222
"223",2001,8,11,14.7,223
"224",2001,8,12,12.9,224
"225",2001,8,13,16,225
"226",2001,8,14,17,226
"227",2001,8,15,19.2,227
"228",2001,8,16,19.3,228
"229",2001,8,17,19.6,229
"230",2001,8,18,17.8,230
"231",2001,8,19,17.7,231
"232",2001,8,20,16.5,232
"233",2001,8,21,18.6,233
"234",2001,8,22,17.8,234
"235",2001,8,23,17.1,235
"236",2001,8,24,17.3,236
"237",2001,8,25,17.8,237
"238",2001,8,26,18.9,238
"239",2001,8,27,15.8,239
"240",2001,8,28,14.1,240
"241",2001,8,29,15.1,241
"242",2001,8,30,15.2,242
"243",2001,8,31,16,243
"244",2001,9,1,16.4,244
"245",2001,9,2,14.7,245
"246",2001,9,3,14.6,246
"247",2001,9,4,13.7,247
"248",2001,9,5,13.8,248
"249",2001,9,6,15,249
"250",2001,9,7,13.9,250
"251",2001,9,8,13.1,251
"252",2001,9,9,12.8,252
"253",2001,9,10,10.8,253
"254",2001,9,11,11.7,254
"255",2001,9,12,13.4,255
"256",2001,9,13,12.2,256
"257",2001,9,14,12.9,257
"258",2001,9,15,13.8,258
"259",2001,9,16,13.5,259
"260",2001,9,17,15.2,260
"261",2001,9,18,15.4,261
"262",2001,9,19,15.8,262
"263",2001,9,20,11.9,263
"264",2001,9,21,13,264
"265",2001,9,22,13.4,265
"266",2001,9,23,12.8,266
"267",2001,9,24,8.6,267
"268",2001,9,25,6.8,268
"269",2001,9,26,10,269
"270",2001,9,27,9.2,270
"271",2001,9,28,9.1,271
"272",2001,9,29,5.4,272
"273",2001,9,30,6.4,273
"274",2001,10,1,10.5,274
"275",2001,10,2,13.1,275
"276",2001,10,3,13.5,276
"277",2001,10,4,12,277
"278",2001,10,5,11.4,278
"279",2001,10,6,10.4,279
"280",2001,10,7,11.4,280
"281",2001,10,8,12.9,281
"282",2001,10,9,12.1,282
"283",2001,10,10,11.9,283
"284",2001,10,11,9.1,284
"285",2001,10,12,11.3,285
"286",2001,10,13,13.4,286
"287",2001,10,14,10.5,287
"288",2001,10,15,9.6,288
"289",2001,10,16,11.5,289
"290",2001,10,17,12.2,290
"291",2001,10,18,8.9,291
"292",2001,10,19,8.5,292
"293",2001,10,20,6.6,293
"294",2001,10,21,8.6,294
"295",2001,10,22,5.6,295
"296",2001,10,23,3.8,296
"297",2001,10,24,5.7,297
"298",2001,10,25,5.3,298
"299",2001,10,26,9.6,299
"300",2001,10,27,10.6,300
"301",2001,10,28,8.7,301
"302",2001,10,29,5.9,302
"303",2001,10,30,8.7,303
"304",2001,10,31,8.3,304
"305",2001,11,1,3.9,305
"306",2001,11,2,3,306
"307",2001,11,3,9.4,307
"308",2001,11,4,5.8,308
"309",2001,11,5,2,309
"310",2001,11,6,2.2,310
"311",2001,11,7,0.5,311
"312",2001,11,8,1.2,312
"313",2001,11,9,-1.4,313
"314",2001,11,10,1.5,314
"315",2001,11,11,7.4,315
"316",2001,11,12,2.2,316
"317",2001,11,13,0.7,317
"318",2001,11,14,-1.2,318
"319",2001,11,15,4.8,319
"320",2001,11,16,1.8,320
"321",2001,11,17,4.2,321
"322",2001,11,18,4.7,322
"323",2001,11,19,1.9,323
"324",2001,11,20,4,324
"325",2001,11,21,5.1,325
"326",2001,11,22,2.4,326
"327",2001,11,23,-0.1,327
"328",2001,11,24,-0.7,328
"329",2001,11,25,0.6,329
"330",2001,11,26,2.3,330
"331",2001,11,27,3.1,331
"332",2001,11,28,2.3,332
"333",2001,11,29,2.7,333
"334",2001,11,30,2.5,334
"335",2001,12,1,2.7,335
"336",2001,12,2,3.6,336
"337",2001,12,3,3.1,337
"338",2001,12,4,1.9,338
"339",2001,12,5,0.9,339
"340",2001,12,6,3,340
"341",2001,12,7,3.1,341
"342",2001,12,8,1.9,342
"343",2001,12,9,2.3,343
"344",2001,12,10,2.5,344
"345",2001,12,11,4,345
"346",2001,12,12,2.5,346
"347",2001,12,13,1.2,347
"348",2001,12,14,1.2,348
"349",2001,12,15,-1.4,349
"350",2001,12,16,-1,350
"351",2001,12,17,1.3,351
"352",2001,12,18,1.8,352
"353",2001,12,19,-1.1,353
"354",2001,12,20,-8.1,354
"355",2001,12,21,-3,355
"356",2001,12,22,-10.7,356
"357",2001,12,23,-14.5,357
"358",2001,12,24,-6.2,358
"359",2001,12,25,-0.9,359
"360",2001,12,26,-6.8,360
"361",2001,12,27,-11,361
"362",2001,12,28,-5.8,362
"363",2001,12,29,-4.5,363
"364",2001,12,30,-8.8,364
"365",2001,12,31,-14.4,365
